3.0 -1.52140952584773648e+00 5.88372560827638848e-14 4.92509565166792396e-01
2.9 -1.47219381254619552e+00 3.30776948761460181e-14 4.91938847905394883e-01
2.8 -1.42303986960011364e+00 1.76755658187053911e-14 4.91298098071585199e-01
2.7 -1.37395560937220695e+00 9.22549500436140589e-15 4.90574952081232307e-01
2.6 -1.32495042110844019e+00 1.08643721864713211e-13 4.89754086990416393e-01
2.5 -1.27603555074690966e+00 -1.32084197629610663e-13 4.88816293678714930e-01
2.4 -1.22722461100330027e+00 9.29157269707836996e-14 4.87737178869680932e-01
2.3 -1.17853428012705819e+00 1.30763302755872675e-13 4.86485308799760263e-01
2.2 -1.12998528145652011e+00 -1.50900259451962170e-13 4.85019489643428670e-01
2.1 -1.08160379450841471e+00 1.54182048877182217e-14 4.83284670370666858e-01
2.0 -1.03342355507396011e+00 1.59544577161930296e-13 4.81205564161548693e-01
1.9 -9.85489107409208143e-01 8.58419758191371039e-14 4.78676320986664239e-01
1.8 -9.37861095482301899e-01 3.17504399713186912e-13 4.75542990481816530e-01
1.7 -8.90625430133050955e-01 3.75964416142307537e-13 4.71571923227488088e-01
1.6 -8.43910533564360299e-01 -2.85666095309151707e-12 4.66388345388931091e-01
1.5 -7.97923612453744657e-01 -4.75005771746472824e-10 4.59344255880147323e-01
1.4 -7.53040158058756681e-01 -3.48857980649012892e-04 4.49190814906342495e-01
1.3 -7.20029980608084985e-01 -3.42331565823124295e-01 3.53019571070610050e-01
1.2 -6.86162472933657286e-01 -3.76005040225003251e-01 3.21290065096646704e-01
1.1 -6.55482175535749056e-01 -4.02321869057914061e-01 2.90909246742682370e-01
1.0 -6.27825504986672556e-01 -4.23449718213076753e-01 2.61635228355165894e-01
0.8999999999999999 -6.03069387071149432e-01 -4.40671999513943813e-01 2.33285648800444168e-01
0.7999999999999998 -5.81118489597003185e-01 -4.54819696403663043e-01 2.05703641072439852e-01
0.6999999999999997 -5.61897451117701952e-01 -4.66455701072053919e-01 1.78756773004659475e-01
0.5999999999999996 -5.45345944127174520e-01 -4.75974310013206114e-01 1.52332683012549153e-01
0.5 -5.31415487748591486e-01 -4.83658172302883105e-01 1.26334530229167935e-01
0.3999999999999999 -5.20067358911738609e-01 -4.89712355888235862e-01 1.00677103596781864e-01
0.2999999999999998 -5.11271213126338719e-01 -4.94285387139632659e-01 7.52836980097799230e-02
0.1999999999999997 -5.05004176692116502e-01 -4.97482489226037106e-01 5.00836561184558882e-02
0.09999999999999964 -5.01250260547362436e-01 -4.99373912552772914e-01 2.50104274218538244e-02
0.0 -5.00000000000000000e-01 -5.00000000000000000e-01 5.15609837909820576e-11
