0.0 -5.00000000000000000e-01 5.00000000000000000e-01 0.00000000000000000e+00
0.1 -5.01250260547362436e-01 4.99373912558334965e-01 2.50104273109835740e-02
0.2 -5.05004176692116502e-01 4.97482489239984504e-01 5.00836559808212067e-02
0.3 -5.11271213126338830e-01 4.94285387169941637e-01 7.52836978136447177e-02
0.4 -5.20067358911737943e-01 4.89712355955360390e-01 1.00677103278392993e-01
0.5 -5.31415487748585824e-01 4.83658172461342462e-01 1.26334529645371230e-01
0.6000000000000001 -5.45345944127130111e-01 4.75974310418626478e-01 1.52332681812367116e-01
0.7000000000000001 -5.61897451117393310e-01 4.66455702204793543e-01 1.78756770254176578e-01
0.8 -5.81118489594973808e-01 4.54819699880852191e-01 2.05703634064100527e-01
0.9 -6.03069387057805995e-01 4.40672011331475155e-01 2.33285628924710775e-01
1.0 -6.27825504895809683e-01 4.23449763223080033e-01 2.61635165224122002e-01
1.1 -6.55482174872679124e-01 4.02322065054086575e-01 2.90909019073752606e-01
1.2 -6.86162467526781228e-01 3.76006050407384274e-01 3.21289107711886457e-01
1.3 -7.20029441373515655e-01 3.42399541520994277e-01 3.52968425535969133e-01
1.4 -7.57304213743825172e-01 2.97763768197626733e-01 3.86082920910499783e-01
1.5 -7.98281614874241763e-01 2.34598089113887354e-01 4.20419921355876469e-01
1.6 -8.43205685246860570e-01 1.36681658727360184e-01 4.53495515533548610e-01
1.7 -8.90560814037911874e-01 2.60742330218753718e-02 4.71096968866566324e-01
1.8 -9.37860989262411349e-01 7.97994792000879163e-04 4.75542526619474715e-01
1.9 -9.85489107404400766e-01 4.44648145267219493e-06 4.78676320971745672e-01
2.0 -1.03342355507396011e+00 5.47062361014198269e-09 4.81205564161547639e-01
2.1 -1.08160379450841426e+00 1.67713372207593882e-12 4.83284670370668135e-01
2.2 -1.12998528145652011e+00 -1.44480139322551353e-13 4.85019489643428336e-01
2.3 -1.17853428012705841e+00 1.30296192827978222e-13 4.86485308799759930e-01
2.4 -1.22722461100330027e+00 7.09488260126280474e-14 4.87737178869681598e-01
2.5 -1.27603555074690966e+00 -8.51876295980818676e-14 4.88816293678713265e-01
2.6 -1.32495042110843975e+00 1.14073151902092341e-13 4.89754086990416726e-01
2.7 -1.37395560937220673e+00 6.28822977875754414e-15 4.90574952081231919e-01
2.8 -1.42303986960011386e+00 3.33503845306876940e-14 4.91298098071584977e-01
2.9 -1.47219381254619552e+00 3.25530903664241706e-14 4.91938847905394883e-01
3.0 -1.52140952584773648e+00 5.84090976464808699e-14 4.92509565166792396e-01
