0.0 -5.00000000000000000e-01 5.00000000000000000e-01 0.00000000000000000e+00
0.1 -5.01250260547362436e-01 4.99373912558334965e-01 2.50104273109835740e-02
0.2 -5.05004176692116502e-01 4.97482489246794279e-01 5.00836559136215859e-02
0.3 -5.11271213126338830e-01 4.94285387198852066e-01 7.52836976265590235e-02
0.4 -5.20067358911737276e-01 4.89712356048461750e-01 1.00677102836788837e-01
0.5 -5.31415487748575832e-01 4.83658172743275605e-01 1.26334528606669605e-01
0.6000000000000001 -5.45345944127035076e-01 4.75974311279163675e-01 1.52332679264885057e-01
0.7000000000000001 -5.61897451116649682e-01 4.66455704934723658e-01 1.78756763625443904e-01
0.8 -5.81118489589628417e-01 4.54819709037859565e-01 2.05703615607971346e-01
0.9 -6.03069387020655823e-01 4.40672044226310733e-01 2.33285573599315510e-01
1.0 -6.27825504636948972e-01 4.23449891410671131e-01 2.61634985427811328e-01
1.1 -6.55482173008920199e-01 4.02322615650947457e-01 2.90908379497381353e-01
1.2 -6.86162453245892201e-01 3.76008715579250863e-01 3.21286581782826652e-01
1.3 -7.20029321049709625e-01 3.42414558255101642e-01 3.52957122457074834e-01
1.4 -7.57303058492394432e-01 2.97866940633678468e-01 3.86024186105261347e-01
1.5 -7.98268811250340771e-01 2.35505818632536057e-01 4.20066112983784157e-01
1.6 -8.43079248933567005e-01 1.45602554481676777e-01 4.51659340117111285e-01
1.7 -8.90359842388733003e-01 5.24885332483278483e-02 4.69637093535744732e-01
1.8 -9.37833059254380097e-01 1.29592041662934098e-02 4.75420602522115932e-01
1.9 -9.85486688608974148e-01 3.15357882888859554e-03 4.78668828765757115e-01
2.0 -1.03342333864692004e+00 8.18766665057586761e-04 4.81205045405237952e-01
2.1 -1.08160377379732831e+00 2.26133212074370162e-04 4.83284629921899689e-01
2.2 -1.12998527934982884e+00 6.56196008419089919e-05 4.85019486174445902e-01
2.3 -1.17853427990178705e+00 1.97901484879173137e-05 4.86485308479293110e-01
2.4 -1.22722461097822877e+00 6.15159340687508129e-06 4.87737178838302532e-01
2.5 -1.27603555074402841e+00 1.95854624762858412e-06 4.88816293675498503e-01
2.6 -1.32495042110810002e+00 6.35691522573466993e-07 4.89754086990074777e-01
2.7 -1.37395560937216632e+00 2.09591187398124177e-07 4.90574952081195503e-01
2.8 -1.42303986960010875e+00 7.00031801447248296e-08 4.91298098071581091e-01
2.9 -1.47219381254619486e+00 2.36345408101700189e-08 4.91938847905394550e-01
3.0 -1.52140952584773648e+00 8.05233985635867456e-09 4.92509565166792451e-01
